29
5
388  1122 -1 1
495  500 -1 1
1129  662 -1 1
1055  1239 -1 1
1782  753 -1 1
573  166 0 0
461  854 0 1
1034  955 0 1
1078  919 0 1
1169  281 0 0
1141  239 0 0
742  169 0 0
1211  273 1 0
1109  961 1 1
1688  1044 1 1
1732  1005 1 1
1810  382 1 0
1776  343 1 0
1373  276 1 0
453  914 2 1
393  1273 2 1
552  1315 2 1
974  1383 2 1
1016  1349 2 1
1057  1047 2 1
1029  1005 2 1
1102  1015 3 1
1026  1638 3 0
1888  1122 3 0
0 1 0 0 0 0 0 0 0 0 0 0 0 0 0 0 0 0 0 1 1 0 0 0 0 0 0 0 0 
1 0 0 0 0 0 1 0 0 0 0 0 0 0 0 0 0 0 0 0 0 0 0 0 0 0 0 0 0 
0 0 0 1 0 0 0 0 1 0 0 0 0 1 0 0 0 0 0 0 0 0 0 0 0 0 0 0 0 
0 0 1 0 0 0 0 0 0 0 0 0 0 0 0 0 0 0 0 0 0 0 0 1 1 0 1 0 0 
0 0 0 0 0 0 0 0 0 0 0 0 0 0 0 1 0 0 0 0 0 0 0 0 0 0 0 0 0 
0 0 0 0 0 0 0 0 0 0 0 0 0 0 0 0 0 0 0 0 0 0 0 0 0 0 0 0 0 
0 1 0 0 0 0 0 1 0 0 0 0 0 0 0 0 0 0 0 0 0 0 0 0 0 1 0 0 0 
0 0 0 0 0 0 1 0 1 0 0 0 0 0 1 0 0 0 0 1 0 0 0 0 0 0 0 0 0 
0 0 1 0 0 0 0 1 0 0 0 0 0 0 0 0 0 0 0 0 0 0 0 0 0 0 0 0 0 
0 0 0 0 0 0 0 0 0 0 0 0 0 0 0 0 0 0 0 0 0 0 0 0 0 0 0 0 0 
0 0 0 0 0 0 0 0 0 0 0 0 0 0 0 0 0 0 0 0 0 0 0 0 0 0 0 0 0 
0 0 0 0 0 0 0 0 0 0 0 0 0 0 0 0 0 0 0 0 0 0 0 0 0 0 0 0 0 
0 0 0 0 0 0 0 0 0 0 0 0 0 0 0 0 0 0 0 0 0 0 0 0 0 0 0 0 0 
0 0 1 0 0 0 0 0 0 0 0 0 0 0 1 0 0 0 0 0 0 0 0 0 0 0 0 0 0 
0 0 0 0 0 0 0 1 0 0 0 0 0 1 0 1 0 0 0 1 0 0 0 0 0 0 1 0 0 
0 0 0 0 1 0 0 0 0 0 0 0 0 0 1 0 0 0 0 0 0 0 0 0 0 0 0 0 0 
0 0 0 0 0 0 0 0 0 0 0 0 0 0 0 0 0 0 0 0 0 0 0 0 0 0 0 0 0 
0 0 0 0 0 0 0 0 0 0 0 0 0 0 0 0 0 0 0 0 0 0 0 0 0 0 0 0 0 
0 0 0 0 0 0 0 0 0 0 0 0 0 0 0 0 0 0 0 0 0 0 0 0 0 0 0 0 0 
1 0 0 0 0 0 0 1 0 0 0 0 0 0 1 0 0 0 0 0 0 0 0 0 0 0 0 0 0 
1 0 0 0 0 0 0 0 0 0 0 0 0 0 0 0 0 0 0 0 0 1 0 0 0 0 0 0 0 
0 0 0 0 0 0 0 0 0 0 0 0 0 0 0 0 0 0 0 0 1 0 1 0 0 0 0 0 0 
0 0 0 0 0 0 0 0 0 0 0 0 0 0 0 0 0 0 0 0 0 1 0 1 0 0 0 0 0 
0 0 0 1 0 0 0 0 0 0 0 0 0 0 0 0 0 0 0 0 0 0 1 0 0 0 0 0 0 
0 0 0 1 0 0 0 0 0 0 0 0 0 0 0 0 0 0 0 0 0 0 0 0 0 1 0 0 0 
0 0 0 0 0 0 1 0 0 0 0 0 0 0 0 0 0 0 0 0 0 0 0 0 1 0 0 0 0 
0 0 0 1 0 0 0 0 0 0 0 0 0 0 1 0 0 0 0 0 0 0 0 0 0 0 0 0 0 
0 0 0 0 0 0 0 0 0 0 0 0 0 0 0 0 0 0 0 0 0 0 0 0 0 0 0 0 0 
0 0 0 0 0 0 0 0 0 0 0 0 0 0 0 0 0 0 0 0 0 0 0 0 0 0 0 0 0 
0 631 1119 913 1775 973 277 800 857 1501 1547 1142 1516 875 1459 1518 2139 2087 1678 217 151 315 742 797 851 801 874 881 1667 
631 0 1256 1185 1913 342 355 937 994 967 917 512 994 1012 1597 1656 1612 1560 1152 416 779 944 1352 1298 993 943 1016 1510 1807 
1119 1256 0 581 1200 1007 900 318 262 383 433 838 397 299 884 943 1019 968 559 901 1265 1177 750 696 391 360 354 981 1095 
913 1185 581 0 1131 1527 830 286 320 964 1015 1420 978 283 815 874 1502 1549 1140 825 762 598 170 116 192 242 228 400 841 
1775 1913 1200 1131 0 1641 1557 975 952 1037 1067 1472 994 900 315 256 372 423 832 1557 1893 1728 1301 1247 957 975 902 1388 383 
973 342 1007 1527 1641 0 697 1278 1269 624 574 169 651 1307 1892 1897 1269 1217 809 757 1121 1285 1694 1640 1335 1284 1357 1852 2013 
277 355 900 830 1557 697 0 581 638 1283 1271 866 1298 657 1241 1300 1920 1868 1460 60 424 588 997 942 638 587 660 1155 1451 
800 937 318 286 975 1278 581 0 56 701 751 1156 716 75 660 718 1338 1286 878 582 946 881 453 399 94 50 90 686 870 
857 994 262 320 952 1269 638 56 0 644 694 1100 659 52 637 695 1281 1230 821 639 1003 915 488 434 129 98 98 720 847 
1501 967 383 964 1037 624 1283 701 644 0 50 455 42 682 1267 1292 665 613 204 1283 1647 1560 1132 1078 774 743 737 1364 1409 
1547 917 433 1015 1067 574 1271 751 694 50 0 405 77 733 1318 1323 695 643 234 1331 1695 1610 1183 1129 824 793 787 1414 1439 
1142 512 838 1420 1472 169 866 1156 1100 455 405 0 482 1138 1723 1728 1100 1048 640 926 1290 1455 1588 1534 1229 1199 1192 1820 1844 
1516 994 397 978 994 651 1298 716 659 42 77 482 0 695 1280 1250 622 570 162 1298 1662 1575 1147 1093 789 758 749 1377 1366 
875 1012 299 283 900 1307 657 75 52 682 733 1138 695 0 584 643 1271 1266 857 657 1021 880 453 398 100 91 54 682 795 
1459 1597 884 815 315 1892 1241 660 637 1267 1318 1723 1280 584 0 58 686 738 1146 1241 1577 1413 985 931 641 660 586 1214 214 
1518 1656 943 874 256 1897 1300 718 695 1292 1323 1728 1250 643 58 0 627 679 1088 1300 1636 1471 1044 990 700 718 645 1199 195 
2139 1612 1019 1502 372 1269 1920 1338 1281 665 695 1100 622 1271 686 627 0 51 460 1921 2264 2099 1672 1618 1328 1346 1273 1748 744 
2087 1560 968 1549 423 1217 1868 1286 1230 613 643 1048 570 1266 738 679 51 0 408 1869 2233 2145 1718 1664 1359 1329 1320 1800 795 
1678 1152 559 1140 832 809 1460 878 821 204 234 640 162 857 1146 1088 460 408 0 1460 1824 1737 1309 1255 951 920 911 1539 1204 
217 416 901 825 1557 757 60 582 639 1283 1331 926 1298 657 1241 1300 1921 1869 1460 0 363 528 955 938 633 583 656 1094 1449 
151 779 1265 762 1893 1121 424 946 1003 1647 1695 1290 1662 1021 1577 1636 2264 2233 1824 363 0 164 591 645 950 947 990 730 1542 
315 944 1177 598 1728 1285 588 881 915 1560 1610 1455 1575 880 1413 1471 2099 2145 1737 528 164 0 427 481 786 836 826 573 1377 
742 1352 750 170 1301 1694 997 453 488 1132 1183 1588 1147 453 985 1044 1672 1718 1309 955 591 427 0 54 358 409 398 260 950 
797 1298 696 116 1247 1640 942 399 434 1078 1129 1534 1093 398 931 990 1618 1664 1255 938 645 481 54 0 304 355 344 289 901 
851 993 391 192 957 1335 638 94 129 774 824 1229 789 100 641 700 1328 1359 951 633 950 786 358 304 0 50 55 591 834 
801 943 360 242 975 1284 587 50 98 743 793 1199 758 91 660 718 1346 1329 920 583 947 836 409 355 50 0 73 642 866 
874 1016 354 228 902 1357 660 90 98 737 787 1192 749 54 586 645 1273 1320 911 656 990 826 398 344 55 73 0 627 793 
881 1510 981 400 1388 1852 1155 686 720 1364 1414 1820 1377 682 1214 1199 1748 1800 1539 1094 730 573 260 289 591 642 627 0 1004 
1667 1807 1095 841 383 2013 1451 870 847 1409 1439 1844 1366 795 214 195 744 795 1204 1449 1542 1377 950 901 834 866 793 1004 0 
