11
3
332 91 -1 1
627 93 -1 1
484 418 -1 1
206 283 0 1
422 284 0 1
423 138 0 1
207 137 0 1
531 283 1 1
762 284 1 1
763 136 1 1
532 135 1 1
0 1 0 0 0 1 0 0 0 0 0 
1 0 0 0 0 0 0 0 0 0 1 
0 0 0 0 0 1 0 0 0 0 1 
0 0 0 0 0 0 0 0 0 0 0 
0 0 0 0 0 0 0 0 0 0 0 
1 0 1 0 0 0 0 0 0 0 0 
0 0 0 0 0 0 0 0 0 0 0 
0 0 0 0 0 0 0 0 0 0 0 
0 0 0 0 0 0 0 0 0 0 0 
0 0 0 0 0 0 0 0 0 0 0 
0 1 1 0 0 0 0 0 0 0 0 
0 295 360 229 212 102 133 276 471 433 204 
295 0 355 461 280 208 422 212 233 142 103 
360 355 0 309 147 286 394 142 308 396 287 
229 461 309 0 216 260 146 325 556 576 358 
212 280 147 216 0 146 260 109 340 371 185 
102 208 286 260 146 0 216 180 369 340 109 
133 422 394 146 260 216 0 355 574 556 325 
276 212 142 325 109 180 355 0 231 274 148 
471 233 308 556 340 369 574 231 0 148 274 
433 142 396 576 371 340 556 274 148 0 231 
204 103 287 358 185 109 325 148 274 231 0 