11
3
325 83 -1 1
659 67 -1 1
448 350 -1 1
206 138 0 1
206 283 0 1
422 284 0 1
423 138 0 1
531 136 1 1
531 283 1 1
762 284 1 1
763 136 1 1
0 1 0 0 0 0 1 0 0 0 0 
1 0 0 0 0 0 0 1 0 0 0 
0 0 0 0 0 0 1 1 0 0 0 
0 0 0 0 0 0 0 0 0 0 0 
0 0 0 0 0 0 0 0 0 0 0 
0 0 0 0 0 0 0 0 0 0 0 
1 0 1 0 0 0 0 0 0 0 0 
0 1 1 0 0 0 0 0 0 0 0 
0 0 0 0 0 0 0 0 0 0 0 
0 0 0 0 0 0 0 0 0 0 0 
0 0 0 0 0 0 0 0 0 0 0 
0 334 293 131 232 223 112 212 287 481 441 
334 0 353 458 501 321 246 145 251 240 124 
293 353 0 321 251 70 213 229 106 320 380 
131 458 321 0 145 260 217 325 355 574 557 
232 501 251 145 0 216 260 356 325 556 576 
223 321 70 260 216 0 146 183 109 340 371 
112 246 213 217 260 146 0 108 180 369 340 
212 145 229 325 356 183 108 0 147 274 232 
287 251 106 355 325 109 180 147 0 231 274 
481 240 320 574 556 340 369 274 231 0 148 
441 124 380 557 576 371 340 232 274 148 0 